1.884243146895981624e+01 5.586054735391203785e+00
1.957022782309693198e+01 5.914205418537309633e+00
1.892695365713277056e+01 3.725890371518181254e+00
1.908532341716046687e+01 5.197638954864018501e+00
1.944731237990465544e+01 5.628223095341446935e+00
1.968856168808915541e+01 5.143995623173919896e+00
1.853854650397635240e+01 5.582050065623065827e+00
1.979186449198415332e+01 4.641869618236476036e+00
1.982279703281250249e+01 5.649530413866515666e+00
1.918419642977922379e+01 4.998485253813334417e+00
1.805512888576388875e+01 5.557914854760054979e+00
1.924293569867601761e+01 6.465507910718201856e+00
1.807588750094740959e+01 6.171242099977172657e+00
2.016469245573626523e+01 5.080958430706342455e+00
1.884101894259827148e+01 4.241156674033623730e+00
1.868995421527853296e+01 4.383607034011742343e+00
1.901215678667273323e+01 4.288576368417567508e+00
1.868131242822140692e+01 1.446740989333479277e+01
1.829391390867198908e+01 1.558044846828855690e+01
1.792080062146163399e+01 1.548163681206841780e+01
2.029326466495746573e+01 1.468943556517024795e+01
1.911325580772849619e+01 1.630770051068822823e+01
1.949759280583678489e+01 1.384843480674129879e+01
1.839838462465779045e+01 1.366896696551780011e+01
1.830561590323629417e+01 1.479407559770966429e+01
1.822861259074093354e+01 1.432073914373417090e+01
1.868898250298575903e+01 1.405337012771478555e+01
1.811615159522335361e+01 1.443676612601283615e+01
1.928279573577193418e+01 1.456077902834372928e+01
1.924471970190273495e+01 1.535509452063607405e+01
1.819448516989702824e+01 1.615481214670927557e+01
1.836027328278832371e+01 1.577030033496247086e+01
1.858530833452167741e+01 1.414216644983997995e+01
1.944551194433121566e+01 1.375398168814712285e+01
1.892482915267706289e+01 1.543713136652728757e+01
1.980326674082566285e+01 1.616251370061345938e+01
1.951624699479090808e+01 1.598735534645670953e+01
1.847785755438405886e+01 1.479247578032177479e+01
5.584885101470651314e+00 1.283641473446124870e+01
5.354086540523546489e+00 1.295316643406026813e+01
5.918948465937398318e+00 1.372673213361023592e+01
6.483850837327546301e+00 1.422251024074154202e+01
5.760794931682383435e+00 1.252190026432495351e+01
5.631007564092539219e+00 1.161254527410740955e+01
7.346403001259865562e+00 1.320455660695654032e+01
5.676677267227003831e+00 1.432083388098757126e+01
6.970773479834493358e+00 1.253045692460642613e+01
5.070971318934017980e+00 1.355540984151203610e+01
6.623271722175223530e+00 1.339538606696810952e+01
6.071903615004514698e+00 1.272679713982935290e+01
4.936816474552050416e+00 1.336665438573068165e+01
5.825201994365001745e+00 1.385789712575288313e+01
6.037090923817490129e+00 1.202466483191328095e+01
6.735001838362195237e+00 1.308402609615069601e+01
5.881414649557920704e+00 1.328164547067852119e+01
6.428718183669393405e+00 1.188741830851196646e+01
5.242249658578651328e+00 1.219349432825224433e+01
6.494056251947307956e+00 1.171198299540773569e+01
5.866128438994064886e+00 1.230260073590479841e+01
5.208462082203769938e+00 1.292500948722956444e+01
5.331499449504873311e+00 1.210654460777703711e+01
7.249773986507634937e+00 1.302615299815093586e+01
6.015841517247505266e+00 1.287413353501465529e+01
5.659024642290271245e+00 1.283184316017849191e+01
6.625708690160106329e+00 1.425415000599191906e+01
6.264773012031000121e+00 1.233724460438529924e+01
7.191163671537883495e+00 1.360551013860388814e+01
5.443659494263867415e+00 1.355542830582811753e+01
6.446980357902599046e+00 1.385368379511072057e+01
6.144286825446118705e+00 1.394736326159975448e+01
5.178726225275453565e+00 1.257525925454702964e+01
1.401655775109614765e+01 -6.020819944653289513e-01
1.214877126028601850e+01 -8.666309686258963918e-01
1.258293534705837047e+01 9.069637075069451049e-01
1.212698882617121576e+01 -9.825138743199534064e-01
1.356817461311412742e+01 -1.176462260904442003e-01
1.338323261743100190e+01 3.749736609474921822e-01
1.349397161750855645e+01 3.124927953544392456e-01
1.399386441349960819e+01 -9.851020164541854918e-01
1.306858797839322150e+01 5.874226297611320202e-01
1.321820702036169770e+01 -1.703142576028009170e-01
1.234589043509180328e+01 3.346183399366789435e-01
1.308619830361478442e+01 -4.511430962957236335e-01
1.264219272693081386e+01 8.231424763892576379e-01
1.202847018580367866e+01 -1.592666663642365865e-01
1.304537674068763309e+01 -3.030312340939844695e-01
1.312825550377024086e+01 5.066907550807913108e-01
1.303396735511030080e+01 2.949487633535955999e-01
1.279795805581693102e+01 -1.916333040510698194e-01
1.296218817262678691e+01 1.905924989661940128e-01
1.416997560358166197e+01 -2.073666895844515357e-01
1.445043112635485905e+01 3.717488580714057855e-01
1.273035474460495919e+01 1.722969611815059199e-01
1.436848829477478340e+01 -4.786563387989234419e-01
1.323114596303837409e+01 -1.363023233508977305e-01
1.353609176246864365e+01 3.509729333467205836e-01
1.237306297308539271e+01 4.173878774736267672e-01
1.855397686805919211e+00 2.714336050964670122e+00
1.083065495099161613e+00 3.230730008342413306e+00
1.084110413814985518e+00 2.403786914557693333e+00
1.350222551494282275e+00 2.554527753968629522e+00
5.223459419465852349e-01 3.353505134985943048e+00
4.847760491990282805e-01 3.310718301881784953e+00
9.182025143704692915e-01 2.146064635569358003e+00
1.531460691371538285e+00 2.399282092344114048e+00
1.219323612372014587e+00 3.455953215049881067e+00
1.881864966600305999e+00 2.963664772791975821e+00
4.494856878500024244e-01 3.847514658300679624e+00
1.580021941999495194e+00 3.590738719370787813e+00
1.685201462035005537e+00 2.344050653301661846e+00
5.036798722667277239e-01 4.025448893657742389e+00
1.366298919082258756e+00 2.615337435885956019e+00
6.694752569209986293e-01 2.822962623912629976e+00
1.931336739954147674e+00 2.946203223525042603e+00
1.814803103494199821e+00 3.179656898430005540e+00
1.861223913761870907e+00 1.902679895331190085e+00
3.505571303115806447e-01 3.296273067278590041e+00
1.956426898849905838e+00 3.880717061568955017e+00
2.369982348351435952e+00 3.460600815852927781e+00
2.333821115990231121e-03 3.340247981396049948e+00
-7.623962945535467384e-04 3.133291533703050913e+00
1.763982710526404984e+00 3.297715103899657496e+00
1.730396201271632073e+00 3.847137512270688564e+00
4.065135721585466655e-01 2.780629634984451037e+00
1.798670687009201741e+00 2.400177872224517728e+00
1.250632310926287349e-01 4.212402508678960267e+00
6.511505912508508409e-01 2.609956085729590036e+00
1.621077830957058152e+00 3.451422470511608775e+00
1.610895171092218359e+00 3.100391051471098169e+00
1.894197004304506216e+00 2.194405287622665401e+00
8.404060652841640611e-01 3.327497874290930024e+00
6.185200118741940312e-01 1.073180723925333169e+01
-8.608706811926079006e-01 1.157368480206250183e+01
-6.238361974488407791e-01 1.214252372432072669e+01
1.088558432506071982e+00 1.159450955321254639e+01
-4.708516195888060724e-02 1.231747840106095637e+01
4.174727009102272013e-02 1.060680052384830852e+01
-3.276778080012628380e-01 1.222096833771081847e+01
9.349942003292385229e-01 1.176123356613696913e+01
-1.417452646090970436e+00 1.080504106289533262e+01
-6.027754119128072574e-01 1.129664687715962046e+01
2.260849721535049955e-02 1.186971283413760148e+01
3.038669250178753223e-01 1.163400371897643915e+01
1.115479244582957968e-01 9.805984767363186805e+00
7.742764074599116642e-01 1.065077011934219087e+01
-1.604432489089336888e-01 1.078071842565191396e+01
3.742732510493100850e-01 1.096536278751266380e+01
-7.525357492790024638e-01 1.008437508386403003e+01
-1.798809347765063238e-01 1.218473692501660466e+01
5.539154984039974527e-01 1.089577133170508461e+01
-6.282008741296892795e-01 1.122797843223648151e+01
7.034753597711522755e-01 1.017402666829699243e+01
7.342390259604323344e-01 1.008963313170923826e+01
-7.319398686755023142e-01 1.102942635575908881e+01
1.201314981466356535e+01 5.941847747685953252e+00
1.275129843531588847e+01 5.393419111016679146e+00
1.227674096092703238e+01 6.943732537747372646e+00
1.302517729951613568e+01 5.002638308298695158e+00
1.111088265035423639e+01 5.330396901587326042e+00
1.155132965215578267e+01 5.467624955393318054e+00
1.068795416458171665e+01 6.711699097911338008e+00
1.208151033917357253e+01 6.318614803463797891e+00
1.222578422848081559e+01 5.320244824243844484e+00
1.271186908493216094e+01 6.505599513857005967e+00
1.216304170875298496e+01 5.693901078583808228e+00
1.315670464865389100e+01 6.822671281024025980e+00
1.085489755401601997e+01 6.358017918708394056e+00
1.295431761257841963e+01 6.812403933057354699e+00
1.198272819888633478e+01 6.758025259523225969e+00
1.189969234437338841e+01 5.735104522865789534e+00
1.238067027304098744e+01 5.529406771527685116e+00
1.255153014983580562e+01 6.479562590438226799e+00
1.229640010708069831e+01 5.283428134025006884e+00
1.187464032156665539e+01 6.589930364020798237e+00
1.239466022617005336e+01 5.538151303175945728e+00
1.203106913340639217e+01 5.522879510072914222e+00
1.273687827523026073e+01 7.177991227742607450e+00
1.209692611331008294e+01 6.715232871440409035e+00
1.094526772939511083e+01 5.451850262153932647e+00
1.435237793853568178e+01 5.192371611508720397e-01
1.597988398910133867e+01 3.677184536019246774e-01
1.397243174298074742e+01 1.475269587945378547e+00
1.520527640584131035e+01 3.624528863353636554e-01
1.530914996322774968e+01 1.897059732483524552e+00
1.465043064866334532e+01 3.548931163438018288e-01
1.596292556871259194e+01 8.408405510856777898e-01
1.405664885386515550e+01 5.909698687752579227e-01
1.487860453939150673e+01 2.227270135439827214e+00
1.490573977017560381e+01 1.439711830682366855e+00
1.503969312404192316e+01 1.040279078379822364e+00
1.544659424876854814e+01 1.043029377508794209e+00
1.525500300203822945e+01 1.390858414120019981e+00
1.491070506309894661e+01 2.399931485151238331e+00
1.577462744953402307e+01 1.417517512806383273e+00
1.483043771806541145e+01 1.915806348446568830e+00
1.502190576115267717e+01 1.276574444702132993e+00
1.462862574159070306e+01 7.843900793986628983e-01
1.473548817922035781e+01 2.361538109236137828e+00
1.504493231404658182e+01 9.055955401287694162e-01
1.539611743736194072e+01 2.155829125657893197e-01
1.586698339115597634e+01 3.138087963329094787e-01
1.529279910540636678e+01 1.907341614473673896e+00
1.502406048743170608e+01 6.029686650919665603e-01
1.450003137464544167e+01 6.380401373504824836e-01
1.434625989438624494e+01 1.852134022985058248e+00
1.558779515009257111e+01 1.134997758453524019e+00
1.576403935645006804e+01 9.181942478882509917e-01
1.409484560118118956e+01 1.552027005248275637e+00
1.562747101924337834e+01 1.741010088694334934e+00
1.573415039524902781e+01 1.807543620483571978e+00
1.500551572213384510e+01 -1.688300177718113915e-01
2.892431613821104364e+00 4.932839261989637514e+00
1.326731831996488697e+00 5.380094181542327547e+00
2.407715858800073327e+00 4.480899157037105951e+00
2.139997833399923444e+00 4.491963611460217720e+00
1.653617855688305216e+00 5.203471546829429251e+00
1.114735321810108370e+00 4.505399419762012414e+00
2.929509228162972434e+00 5.182955590850205851e+00
1.749434260611916425e+00 5.569295001572876380e+00
2.407026116221366863e+00 3.843436304628027322e+00
1.803785790757441942e+00 5.227383317649550776e+00
1.862734027424663319e+00 4.352699320048903253e+00
2.746197431784020981e+00 4.337478284046841104e+00
2.917274694992242789e+00 4.322823319418266586e+00
2.005041275554809488e+00 3.614896476013231386e+00
2.730623721815551352e+00 5.948532925240149538e+00
1.992601484180845706e+00 3.608869918171424551e+00
3.410061840465181238e+00 4.582559853287061280e+00
1.610747375355117583e+01 8.617246281595781099e+00
1.407112392912261711e+01 8.159471926691445276e+00
1.397022562198429974e+01 7.169658484657173148e+00
1.609243676927295752e+01 7.753607615256830066e+00
1.537827297517203462e+01 7.855845516530505890e+00
1.564832144457243146e+01 7.797973206272910573e+00
1.354868061463088758e+01 7.854380874038315419e+00
1.483510557538862606e+01 6.561219205256445974e+00
1.374855135074655621e+01 7.636871666431938266e+00
1.531013385085965872e+01 8.573399484150858285e+00
1.511369463367310040e+01 8.093862916735275803e+00
1.492165562323062922e+01 8.456743335240053838e+00
1.591704730484774721e+01 8.512489419025257575e+00
1.427060116645467858e+01 7.245457560782786466e+00
1.605753328457046081e+01 8.796123904396162985e+00
1.481769292262036508e+01 7.645202168859833947e+00
1.433137399170021276e+01 7.772828347638933266e+00
1.516230749514228826e+01 8.839370948542855544e+00
1.482490221127252994e+01 8.493146512073058929e+00
1.512997311725360206e+01 7.320601049245364145e+00
1.508460967507347661e+01 8.493373757538677182e+00
1.457821765400687219e+01 6.874004858239802118e+00
1.505450377495112946e+01 7.705099201955301069e+00
1.391790612584158104e+01 8.746893123687973670e+00
1.546725504921545813e+01 8.633301259675945971e+00
1.394101676585157357e+01 7.854063560131801403e+00
1.470508579102598112e+01 9.152459722711546064e+00
1.439738948422260911e+01 7.949679204903611129e+00
1.493454786014780566e+01 8.540722389190541719e+00
1.556022221696103180e+01 8.600152022537491447e+00
1.494106663103224975e+01 8.036128490900841470e+00
1.522912377939189277e+01 8.962954594586467039e+00
1.423106273406975397e+01 6.978251937959154994e+00
1.579601486460220627e+01 9.260721106228926303e+00
-8.827754076407418049e-01 4.490036223051717457e+00
-1.108647180136287158e+00 5.061084798191450851e+00
1.368346603625328006e+00 5.507112019059082542e+00
1.707681261766973504e-02 4.180952503275923604e+00
6.076627941491764551e-01 6.145549496937192657e+00
-7.856921054439602869e-01 4.495660949193214684e+00
8.665280952421930971e-01 5.204153742213980749e+00
-5.558435888648491918e-01 6.166705016646446325e+00
1.276078125169965993e+00 4.353198066985536130e+00
2.131360848281745324e-01 4.336172508948284765e+00
-8.029887980279254434e-01 5.327398421679964358e+00
3.186113871259282915e-01 6.199832742674839636e+00
1.042100492545015911e+00 4.422774725891246206e+00
8.007657116603834613e-01 5.185009546957016546e+00
-2.632549125937754253e-01 4.845527305659063089e+00
2.625538375871526720e-01 5.131320746712526137e+00
-2.443212611612813889e-01 5.807325455828777905e+00
1.316456680031591331e-01 5.120895912004175266e+00
7.919122598272974878e-02 3.876927348321063782e+00
9.446573013292920429e-01 5.971669788337471196e+00
-3.545578204028579927e-01 5.897807651654673577e+00
6.290259601512607213e-02 4.639777418712083268e+00
-1.126904627796257330e+00 4.739609219594237643e+00
8.959196988513784543e-01 5.952475062527808447e+00
-4.918461572878362609e-01 5.346336495301191150e+00
1.186492772305473009e+00 4.121814509325504083e+00
6.495422538487662101e-02 5.164206265844613064e+00
-8.155449743680025509e-01 5.031240050052364410e+00
1.220307636102664572e+00 5.352031162663655195e+00
4.226141911860501033e+00 1.856553151660168766e+00
4.368503080306115116e+00 2.964020384785905904e-01
4.009407937332971628e+00 1.458162378443293328e+00
4.601233000330709366e+00 -1.437316478621173399e-01
3.401673948268224112e+00 -9.246170112751950221e-02
3.666510576204669025e+00 1.136173120009556836e+00
4.582681869535623065e+00 6.123969304349774490e-03
4.381753228539234435e+00 1.656356262377113531e+00
5.128154235302682551e+00 3.847324648340066933e-01
4.367569670028313311e+00 2.214048806133231295e+00
4.658590472497794011e+00 1.084049613450715377e+00
3.785522267492702486e+00 -3.904335295268237527e-01
4.214475250653843652e+00 1.974311505696951130e+00
4.219143105134265603e+00 1.425049764910645944e+00
4.904357482443336025e+00 2.034364519449411990e+00
4.331454859405886815e+00 3.468881572469558749e-01
3.142523529193578469e+00 7.596184040158671102e-02
3.609696450658642863e+00 1.172507883139859430e+00
4.993717399547160873e+00 1.931707447963985302e+00
2.749616777061341999e+00 5.644228554680948973e-01
4.777538580469078866e+00 5.911661682236151183e-01
3.709637830615730270e+00 9.167358127691163094e-01
1.470097073168068569e+01 5.517824076387556786e+00
1.695973497386837181e+01 4.536094969501069052e+00
1.462605467135019310e+01 5.023957019487873765e+00
1.523779514824175507e+01 4.400005460147456304e+00
1.551961948216544229e+01 5.012941187797800957e+00
1.594327380714083553e+01 4.112890395431399782e+00
1.702106107721694883e+01 5.327236580432526125e+00
1.673372154954326874e+01 4.666428408123792337e+00
1.538911121854262021e+01 4.583866306850024053e+00
1.657688531715059455e+01 5.459053228749277231e+00
1.678704630640026352e+01 3.895899944079368460e+00
1.692674932045742153e+01 5.681028731169994295e+00
1.689017863243904216e+01 4.107459285144858363e+00
1.599031841433833279e+01 3.622177581923437195e+00
1.517501640570061205e+01 6.157410154899959132e+00
1.621578844823723387e+01 4.191713132687871379e+00
1.548987790263388753e+01 6.058810331737669586e+00
1.602564804614256033e+01 4.194394719660731852e+00
1.692700518160407697e+01 4.594469927167365242e+00
1.494160489861461016e+01 4.139805871595067188e+00
1.578229143705082116e+01 5.821053869623776578e+00
1.587552127451375839e+01 5.175715150398154663e+00
1.701939087436938891e+01 4.293886785954472707e+00
1.586690969887838065e+01 6.421026901311302382e+00
1.587405728364642421e+01 4.248805732280456660e+00
1.561250031198015265e+01 5.137560383150360011e+00
1.563326929764440898e+01 4.351643621249275284e+00
1.529707066553155848e+01 4.182341685675758036e+00
1.742377945073264911e+01 4.591591463021099884e+00
1.557809251361017822e+01 5.254281392487108349e+00
1.629007901330282948e+01 5.242748574471161938e+00
1.524469401992288553e+01 5.635138067319495292e+00
1.617415613260894958e+01 4.239239666772312454e+00
8.685295766664890005e-01 1.518317220111384103e+01
1.837811348887991914e+00 1.455157085717655541e+01
1.845075321987042827e+00 1.289551540572329635e+01
4.977120963554514388e-01 1.365378641218202915e+01
7.873655228747764578e-01 1.453077033446355237e+01
2.241699079193012700e+00 1.385014573863294274e+01
1.369679168339636099e+00 1.460170827494331292e+01
1.620738490558802480e+00 1.431764229847770942e+01
-1.446066292656134067e-01 1.359958208799026025e+01
9.289457655884838516e-01 1.399899332234526206e+01
-4.024273585798705533e-01 1.436060886764201427e+01
2.126724310583145705e+00 1.443425087576258115e+01
1.422556000321753444e+00 1.390623913137644330e+01
2.028287474334025120e-01 1.355245885659714311e+01
-3.283720899345305977e-01 1.464923065238114575e+01
2.227589274600672020e-02 1.357365608384045252e+01
1.405142150555925840e+00 1.489789129036133275e+01
-1.063442609520097726e-01 1.403983433085537236e+01
1.206226891720790118e+00 1.489565116695040636e+01
1.908045093116017110e+00 1.325038660908050936e+01
1.594515684567591851e+00 1.425691616047945587e+01
1.473743712064204026e+01 9.811612936566421084e+00
1.465400399546622445e+01 9.005653583898029169e+00
1.432980278338380131e+01 1.012468403784349036e+01
1.450126607956802971e+01 9.099873557360274035e+00
1.468230974084691098e+01 9.397700910427570165e+00
1.433531761698523610e+01 1.000991082549063549e+01
1.491528896530679660e+01 8.383263494035059438e+00
1.513273509728232114e+01 9.813676817758627990e+00
1.517616724839979092e+01 8.244046346068040876e+00
1.491237249541322107e+01 9.849995738496236442e+00
1.465916355568854534e+01 8.323297641890054166e+00
1.555968162268263555e+01 9.435033862027642826e+00
1.557436529388398228e+01 8.386753062092260791e+00
1.443351274788562577e+01 8.775886998481826851e+00
1.508497587593511291e+01 8.950820352227740528e+00
1.421755628807292027e+01 9.378805684190311354e+00
1.429106344652602800e+01 8.478043946466096159e+00
1.584981373550104600e+01 9.777996183063063285e+00
1.394648816113798517e+01 8.618647773894599240e+00
1.514083887675379181e+01 1.029692299346218398e+01
1.583756810206676491e+01 8.538255240191828577e+00
1.591191342702677858e+01 8.764860711965740236e+00
1.113276484481890449e+01 1.543542919212366371e+01
9.928696129721357622e+00 1.526558498394807906e+01
1.015135956782999749e+01 1.579125073657210265e+01
1.044696051058404862e+01 1.610347048472357656e+01
1.025532535960744696e+01 1.565383476473906832e+01
1.064063606717040678e+01 1.547106343509042503e+01
1.020482608450209661e+01 1.544252765841030950e+01
1.080604302667745209e+01 1.557527386849879925e+01
1.067741978245051726e+01 1.722053421190755174e+01
9.849640293019961135e+00 1.632620712164081311e+01
9.816682741683852242e+00 1.484262697814201104e+01
1.030155420131027455e+01 1.597739419155214158e+01
9.654590262220864361e+00 1.630927953506025574e+01
9.552465929768338526e+00 1.666563045470093840e+01
9.052673595328069922e+00 1.517401410763306124e+01
9.106358970851758272e+00 1.493650903771842309e+01
1.022591733651804624e+01 1.712227441097602565e+01
8.706538383323460195e+00 1.563424377188480463e+01
1.092496567685553543e+01 1.665249348819291342e+01
1.051185923767840968e+01 1.650776847911286183e+01
9.382815815043214158e+00 1.517345081237221827e+01
8.946966528778505179e+00 1.648136026818376010e+01
1.616176570032612148e+01 3.237658620001175436e+00
1.446628504580016994e+01 3.481793016643600858e+00
1.471262154239462028e+01 3.144269683637264556e+00
1.544234916235768651e+01 2.329093012788163719e+00
1.528395620826215406e+01 3.391952151613179200e+00
1.448376677814726854e+01 3.771852916070938644e+00
1.599764282537458904e+01 3.316535218002565344e+00
1.552103171427253692e+01 3.705252370494982017e+00
1.395593811392694228e+01 4.071430530854570407e+00
1.517354078213447011e+01 3.257326022649975172e+00
1.573463091954681836e+01 2.291494948562360356e+00
1.475213287851575927e+01 3.239673840490000956e+00
1.558888240797171854e+01 3.641063382740220788e+00
1.376527412089916069e+01 3.616842169716612432e+00
1.517475311762534496e+01 2.715508946044395078e+00
1.568307608739957715e+01 3.742231545058655851e+00
1.381570650168639069e+01 2.586859509626364240e+00
1.464128877565646469e+01 4.405613575468374954e+00
1.455117003739057679e+01 3.197552389751276980e+00
1.531981777810811352e+01 1.912040486833673558e+00
1.517989584849227924e+01 3.569146496585658745e+00
1.526996256969005117e+01 3.633195160042336447e+00
1.507286568039980601e+01 3.131828696072643581e+00
1.448898691472918898e+01 3.169425560329870883e+00
1.412255463328824590e+01 2.966162397855752531e+00
1.476988111506734214e+01 3.708717710735061068e+00
1.459398995669090127e+01 3.943376091369142245e+00
1.596730154244284172e+01 3.488627049498444599e+00
1.479035444574854274e+01 3.398804547306276458e+00
1.606745132821177791e+01 3.970589876558431541e+00
1.504627577484348322e+01 2.861711924334704449e+00
6.792494653388463810e+00 3.775624082865391085e+00
6.461064344426019623e+00 1.632443804903206841e+00
6.363958336145200789e+00 2.018283905754855390e+00
6.853365745393000807e+00 2.270615938674882095e+00
7.995782379858991540e+00 3.412712961987186766e+00
8.099196211524564148e+00 2.154748430926916924e+00
5.867170097961988517e+00 3.814556673886207339e+00
7.921803894270683877e+00 2.350245494686615366e+00
6.792401857579407398e+00 2.307453033557454791e+00
6.322398568203054126e+00 2.112452225754087642e+00
6.607724151863124895e+00 2.608053504245073206e+00
6.891003014502839363e+00 4.093096219579299699e+00
7.385895723810888214e+00 3.995161930570469977e+00
7.027814123912814459e+00 3.621024721571478366e+00
8.312749897230689911e+00 3.449907408105574724e+00
7.994964383426808041e+00 4.079417586038925236e+00
6.011516035687300530e+00 3.588233270425811305e+00
7.428520786854573288e+00 1.994446770569744176e+00
7.811852936206005182e+00 4.053042022018874313e+00
7.947947981013037122e+00 2.776417833625866471e+00
6.707851493182835689e+00 3.696825968114306082e+00
7.611732089273691493e+00 2.344558507576671058e+00
8.183345056855801047e+00 3.614888856223695157e+00
7.065925109385708502e+00 4.304508933040279040e+00
2.063970380935548299e+00 1.438100608535948410e+01
1.382722838098610740e+00 1.570839222308736716e+01
1.830334771656339399e+00 1.476060755819370662e+01
1.998766340070644354e+00 1.528687809603603931e+01
1.925928159899453318e+00 1.512856590835644077e+01
2.464524990062842313e+00 1.459798711258412673e+01
1.619554198138677847e+00 1.419487499281900078e+01
3.042461543011943270e+00 1.472803681916913376e+01
1.488706367080441240e+00 1.394781430546299994e+01
1.304003249748206361e+00 1.541891207390557206e+01
3.335053335911950079e+00 1.450775052390786080e+01
1.654938782511118145e+00 1.494832324090256037e+01
2.582314386129955786e+00 1.441083575257571603e+01
2.119413133686256945e+00 1.438940823596000840e+01
4.879405227936643108e+00 4.870797252833274804e+00
4.193872487606502553e+00 4.951402942549510300e+00
5.857607663524105668e+00 4.064441978518022580e+00
4.930771036960549303e+00 3.447594586472046085e+00
4.645871385109722418e+00 5.030108087808150330e+00
4.204880464762082326e+00 3.910744814960191107e+00
4.218524883567781103e+00 2.994471694837078868e+00
4.863455716081624303e+00 4.645595654465369151e+00
4.060888724243573833e+00 4.144971765132619446e+00
4.978406413712905376e+00 2.830360190609500393e+00
5.799096248023162481e+00 3.555342938535586583e+00
5.080643815242622985e+00 4.929384446745572745e+00
5.503562672292561686e+00 3.951979695598165421e+00
5.625082049850885113e+00 4.234235998454907168e+00
3.809957830639279841e+00 4.224578941231736273e+00
4.204856701838734168e+00 4.476336801095324169e+00
5.129163263080111612e+00 4.663389032289647851e+00
4.310810533005994927e+00 4.357906111823028006e+00
5.432799638379203877e+00 3.514741761746318804e+00
5.013464595249839562e+00 4.228107507570356027e+00
4.317000273054159898e+00 3.432715437565755590e+00
4.483454037229818390e+00 3.197470151384433912e+00
4.738848247739708697e+00 4.949858147882826742e+00
4.648860323413720685e+00 4.491946187824159331e+00
7.512676594407626141e+00 3.088367638751904121e+00
6.958405642256194845e+00 3.808636572297738887e+00
7.489467218346238297e+00 3.467547708446432786e+00
6.512870476561887223e+00 3.068398286721350399e+00
7.927694621615045456e+00 2.904178135941111627e+00
6.541873791960466811e+00 3.283294565522577368e+00
6.537186306796064272e+00 2.935397334822416493e+00
6.323344028279336726e+00 2.884197329340432159e+00
6.136754242887482391e+00 2.099723418985056433e+00
7.264906199374350670e+00 3.772036361464323306e+00
5.947870985883710659e+00 3.230917578075963803e+00
6.664595468802700040e+00 3.849557909062565120e+00
5.710566209021781248e+00 2.693167037199338587e+00
7.248602107785530713e+00 4.428722220207888860e+00
5.957201462731067210e+00 3.670781517784283743e+00
7.136927074009246752e+00 2.126328422227775850e+00
7.502415079147608523e+00 3.204515238139573619e+00
7.552763030870099925e+00 3.117688128624973576e+00
7.692938641606573924e+00 3.311827724381999793e+00
7.821152864884352240e+00 3.456000873427905518e+00
6.351756277646879667e+00 2.221105000365996673e+00
7.041346756766244219e+00 3.948687957947766503e+00
7.407109223416532551e+00 2.670726131768113909e+00
7.548523298298197126e+00 1.755777830095308190e+01
7.007306068962295242e+00 1.881525551693078313e+01
6.068928822722287286e+00 1.774671946307748271e+01
6.714171786597100677e+00 1.656110287301194717e+01
6.123930512811785576e+00 1.792072962739472786e+01
7.658819561593856129e+00 1.719253732204464313e+01
6.709474132517811107e+00 1.654520325349063370e+01
6.387156496801413397e+00 1.850233295305942960e+01
5.688372951203373162e+00 1.800978820607806341e+01
6.281104674349889727e+00 1.839659123471444602e+01
6.867437601334029473e+00 1.872826260583569535e+01
6.214938722096301937e+00 1.862207449016135286e+01
6.365419511738554803e+00 1.787936025741436907e+01
7.203900133037194564e+00 1.734172286899640625e+01
6.740958675835319269e+00 1.862272047121663121e+01
8.001719649126011191e+00 1.860463232535878575e+01
6.773722493621315621e+00 1.714885000807542426e+01
7.924534687856700899e+00 1.683504566807594216e+01
1.832818217455599452e+01 6.315465611146988678e+00
1.718353273089199007e+01 5.059965864020301574e+00
1.734412597891589769e+01 5.227531605031595419e+00
1.790013286227404521e+01 5.315187470997407182e+00
1.822369283716921728e+01 6.316357725790100908e+00
1.807188090412751080e+01 6.213165842608347589e+00
1.770506274552038661e+01 7.313554600942678618e+00
1.684690374155362491e+01 6.500667468391476689e+00
1.725314889876563385e+01 6.948579716318775468e+00
1.814330975205208318e+01 5.388968888037161342e+00
1.942122970647782054e+01 6.247601461313453619e+00
1.915305941958889235e+01 5.554892149891188957e+00
1.897414069575432549e+01 6.483059437951634862e+00
1.736492977535284510e+01 6.879374658694012545e+00
1.906123067407922633e+01 4.949253255154114406e+00
1.734965305750006337e+01 7.304010817879571960e+00
1.724126615945168695e+01 5.089828945250789438e+00
1.875340684959370918e+01 5.826924751339397801e+00
1.911364037154910989e+01 6.103633968427375045e+00
1.805465491348563489e+01 5.017603317665358276e+00
1.779930488647869069e+01 5.446016045510327253e+00
1.883473609045841002e+01 5.769769542666876916e+00
1.758498625938688065e+01 5.492252106410139945e+00
1.760611881704271653e+01 5.642044796082256397e+00
1.920045271269578890e+01 6.364519630276655349e+00
1.540340903997075728e+01 1.029422163738700213e+01
1.590462531732704399e+01 1.094915844634540036e+01
1.656969266307756072e+01 1.129440778938304746e+01
1.464926033197994393e+01 1.062930272496105211e+01
1.704024475021190810e+01 1.159880415546795618e+01
1.516768552038009510e+01 1.075448451008026929e+01
1.564837829738284825e+01 1.203871759778600392e+01
1.665270112289464777e+01 1.049930077405541518e+01
1.665039290245645986e+01 1.144491792443356815e+01
1.636416285625010403e+01 1.111991886682961805e+01
1.509198632460371492e+01 1.132747433458315101e+01
1.615359438990368446e+01 1.204524278852400698e+01
1.715938298724831412e+01 1.158441984897791777e+01
1.577861873620482491e+01 1.062906665382596394e+01
1.558570087549461114e+01 9.786721419769250474e+00
1.607732934097782973e+01 1.181410761096666917e+01
1.710815988740175086e+01 1.135207426413044907e+01
1.641153598245882606e+01 1.088380383299533527e+01
1.690662632853633340e+01 1.111950219859576272e+01
1.717563449446067736e+01 1.115906060604717887e+01
1.591174833324679305e+01 1.108608391189488884e+01
1.571746743339982189e+01 1.086796883008152470e+01
1.618227171410307719e+01 1.201832541034883484e+01
1.589072720133082939e+01 1.038523637264413146e+01
1.647310907637673338e+01 1.001814218646708632e+01
1.693409377986688469e+01 9.836201856461455506e+00
1.464576754316210661e+01 1.075073746110796691e+01
1.640728048631464020e+01 1.115214816876738979e+01
