7.461235609372968369e+00 1.893978080505556960e+01
7.155348488140030661e+00 1.711051957160452019e+01
8.277158109841723288e+00 1.749891419042871021e+01
7.545451571331287965e+00 1.826035620714954533e+01
7.367611742484024617e+00 1.803618598051277644e+01
6.178991579476852181e+00 1.852313068738459734e+01
7.842817779776109610e+00 1.821978477758726811e+01
7.174649807091392439e+00 1.897984740862935382e+01
6.112397874853301438e+00 1.883921510259870047e+01
5.959190044462886249e+00 1.735250784942110158e+01
6.117161046786630862e+00 1.788921981605091105e+01
6.914579442936288345e+00 1.781056236551366823e+01
7.238203871865977135e+00 1.705513253249465677e+01
5.708293766123186508e+00 1.816778014506208905e+01
7.916342206810486282e+00 1.753635909226395029e+01
6.095040086905283871e+00 1.895661677320768845e+01
8.406635554849426484e+00 1.834158168585779691e+01
7.700521510033017769e+00 1.862538865529972654e+01
6.661364591142380220e+00 1.667091686236811654e+01
7.844001622635363269e+00 1.823600900422935212e+01
7.669474524372300372e+00 1.847474841492248387e+01
7.828786684004352736e+00 1.839334947225020400e+01
6.769075369872646242e+00 1.834868965355789783e+01
5.844731837867328750e+00 1.829642904288347793e+01
6.269797170998247182e+00 1.822527909944747648e+01
5.977096833272140586e+00 1.859709489322828091e+01
6.720132277052409897e+00 1.822226479750267458e+01
7.148424528611616147e+00 1.806453532364048087e+01
6.849654699985419981e+00 1.720047068215564678e+01
6.483587031440213977e+00 1.930030340442542780e+01
5.855063565000958370e+00 1.811458716569302752e+01
6.259535677690633904e+00 1.767639281259552320e+01
7.375972364193231101e+00 1.827800855988085971e+01
6.598433209970192337e+00 1.911090721306547380e+01
5.994070350809113989e+00 1.874629792089334401e+01
7.540990162856374468e+00 1.828030233859902864e+01
7.681541788549750116e+00 1.807994034485985679e+01
7.277346248196627343e+00 1.686242014806065725e+01
7.011542656794717665e+00 1.852812838669966311e+01
6.781220382179691697e+00 1.852585819492662367e+01
6.883456258271841044e+00 1.753051506987439723e+01
7.586806954604900177e+00 1.797568471331222639e+01
6.490531332803599618e+00 1.868462723048195073e+01
8.004314170423306507e+00 1.891547824230474006e+01
7.905391315681773889e+00 1.772380561545762134e+01
7.643318981427172254e+00 1.872834036234284838e+01
7.501936481145706104e+00 1.735105971739028163e+01
7.731700012447812576e+00 1.898355403706623079e+01
7.445031853898559149e+00 1.917559245426259551e+01
7.227991189803048222e+00 1.681069761239003668e+01
7.797353214492684259e+00 1.898234048296952636e+01
7.624727100166892590e+00 1.763249287398418375e+01
6.541504725740151294e+00 1.732793448723254315e+01
6.376258506861900877e+00 1.934460903468833592e+01
7.233052715322272341e+00 1.886971335309229403e+01
7.993451734689330124e+00 1.730042292315864572e+01
8.123578729248396968e+00 1.839302013726010543e+01
6.025590089711653441e+00 1.837818676342792301e+01
6.527488822517718781e+00 1.774265180535599740e+01
6.210156443928333658e+00 1.923974290935640141e+01
7.303535969084492763e+00 1.698852318770271808e+01
6.373966750740448717e+00 1.821654184389116082e+01
6.667195324029367320e+00 1.735053717593681100e+01
7.496829042702436219e+00 1.661592869406739226e+01
5.780249036367641757e+00 1.797596371240460655e+01
5.700875579563474460e+00 1.863197879394609302e+01
8.066576460762828304e+00 1.822137851946668263e+01
8.263025225992885581e+00 1.725127526687801094e+01
7.408074706704354639e+00 1.743847998877433270e+01
6.471196418504647774e+00 1.774073044583353465e+01
7.092645350015904349e+00 1.771550833506675104e+01
7.649013443262522749e+00 1.863056693988629320e+01
6.948098944263580989e+00 1.915542809632246346e+01
7.824982659612714109e+00 1.687339962407650162e+01
8.358087278491955985e+00 1.848689638404391644e+01
5.893742308728925572e+00 1.777162519558113374e+01
6.231006870298821276e+00 1.714426059141070979e+01
7.995418869846696808e+00 1.884899967074435878e+01
7.687007074005292040e+00 1.679792288775394127e+01
6.902973949362587902e+00 1.906791364983347492e+01
8.423303366947006765e+00 1.771296750246126805e+01
8.455856429367379690e+00 1.817768934878263920e+01
5.761466580631832812e+00 1.878159923235783069e+01
6.543058716800277175e+00 1.917614092265667836e+01
7.343345836984224384e+00 1.822315238895543033e+01
6.978816887704063276e+00 1.663113514349154087e+01
7.776862729829439047e+00 1.716607073568047426e+01
6.840777381176049943e+00 1.903581150973166913e+01
5.972142000854292476e+00 1.710673390078484957e+01
6.785002911317619123e+00 1.834427724858110054e+01
7.730108078835440821e+00 1.684286107639517027e+01
2.988617676401544632e+00 1.012137436805406310e+01
2.939947082123565369e+00 1.155742881322747095e+01
3.245447394631737481e+00 1.138358873226045098e+01
2.236030300784087821e+00 1.105791336207988884e+01
2.471128633890370629e+00 1.007197910231544924e+01
3.479953312823541367e+00 1.086658537282122339e+01
3.746697971151221829e+00 1.074459548985934632e+01
1.761148773927043720e+00 1.182858759187551634e+01
2.292892963547993546e+00 9.886890378739915164e+00
2.603460632917271589e+00 1.155047100739974475e+01
3.845366867537842293e+00 1.129043673360218492e+01
2.991428902187847516e+00 1.135897747366588462e+01
3.304707951260668519e+00 1.008244472919849599e+01
3.075341336498742528e+00 1.111476511024028113e+01
2.364667322230345370e+00 1.022517316810960253e+01
2.229316899325154644e+00 1.113293527951158524e+01
2.187524480946219096e+00 1.187070126511114765e+01
3.745357665862977470e+00 1.063371150089023587e+01
1.789363846889737930e+00 1.148639348273534466e+01
2.342920473200576836e+00 1.052456914317729897e+01
1.629811205200053070e+00 1.098578871532097168e+01
3.818103335740277160e+00 1.009930561341149868e+01
2.157685488436989374e+00 1.064118794993081529e+01
3.454756589489889507e+00 1.152079876965739835e+01
2.561365754271687667e+00 1.076293555546256364e+01
3.101561935728073927e+00 1.019023675186975453e+01
3.322385719581058883e+00 1.182160440341444385e+01
1.940201080332853989e+00 1.127283912627149043e+01
2.456388837864860175e+00 1.210057134180953042e+01
2.518912175438668299e+00 1.096291644617327954e+01
1.983944486015102759e+00 1.038774666074035302e+01
4.052731110582306506e+00 1.018877471142005753e+01
2.224283398922426436e+00 1.120054424599965870e+01
2.563014762600774876e+00 1.063098679841144190e+01
3.876161886343561847e+00 1.077026332730886793e+01
2.379887607250091186e+00 1.070000346275060110e+01
3.413767131405265776e+00 1.150598612309933699e+01
2.702715495937562551e+00 1.010916611293282230e+01
2.816005740176846128e+00 1.048856363441063699e+01
2.188894826111137615e+00 1.116445373746172187e+01
2.312637719101803935e+00 1.157277088393157882e+01
2.137749747421107571e+00 1.006667398511197398e+01
3.610849932183837652e+00 1.141576883639933193e+01
3.011554559333661008e+00 1.215101443904143430e+01
3.756683811717929089e+00 1.019463157476056736e+01
3.230210798871359312e+00 1.092578081581227778e+01
4.186171347252889419e+00 1.044689844583207616e+01
4.043411766597634127e+00 1.202353395445017803e+01
4.364129851240024394e+00 1.108415257113743912e+01
2.301814597631848702e+00 1.194616214288540768e+01
4.402924571608616944e+00 1.069187054783657764e+01
2.612526144392526728e+00 1.214123643292444399e+01
2.547116648194255095e+00 1.096692244516097148e+01
2.549092799879680626e+00 1.233368322882012791e+01
2.511691943327850840e+00 1.143931168495999451e+01
3.457405354869082625e+00 1.014807868508577826e+01
4.250087124051118437e+00 1.047517175397131162e+01
2.800660580738741245e+00 1.103075979862649625e+01
2.622548795716267644e+00 1.114403283408967482e+01
2.920488316095213754e+00 1.189449747646882649e+01
2.186251650784658551e+00 1.153873296584165864e+01
3.264953978768645904e+00 1.132840256787610045e+01
1.676133337339135609e+00 1.108892144752478082e+01
3.719215338893243850e+00 1.069612327591885936e+01
2.906845397787633178e+00 1.094238686732460941e+01
3.155352516361650927e+00 1.127349623847499061e+01
2.022591107730497217e+00 1.015442514611074643e+01
2.598705428214327817e+00 1.155416463236884539e+01
3.270509828176265898e+00 1.193866098352747507e+01
2.189874020281810996e+00 1.081028973761285883e+01
3.141705529605471447e+00 1.018768188045970113e+01
4.111065820415249483e+00 1.113731020410544126e+01
3.709947253469259021e+00 1.070671749859935140e+01
4.062578116124853977e+00 1.177551266769438776e+01
3.285550547541317368e+00 1.005328970796067978e+01
3.485151707730082205e+00 1.109092168046734805e+01
2.019353077998580215e+00 1.093767701453258034e+01
3.694122610336444623e+00 1.219014632375697538e+01
3.367290679697598321e+00 1.131250381367149238e+01
3.499910647033344535e+00 1.017559007461837162e+01
3.919391733850307702e+00 1.071519190060995896e+01
2.528200856800997709e+00 1.223509958985608037e+01
2.973304544857573006e+00 1.159781067988526182e+01
3.491125735568207045e+00 1.068267124830627068e+01
4.391162552220045256e+00 1.060082165465572501e+01
2.685335752263100062e+00 1.140693661664088943e+01
3.887594333923633183e+00 1.127756994187357265e+01
3.426919291866061812e+00 9.819050625677222754e+00
4.480946422602035462e+00 1.843784391859133009e+01
3.447215528229592429e+00 1.850923850458841002e+01
3.304560402795337914e+00 1.694935115328896202e+01
4.182510208915777739e+00 1.729244746906298147e+01
3.901113802372258910e+00 1.693304449375505882e+01
4.111399683711783659e+00 1.938617671728806613e+01
5.280932869485980063e+00 1.845014177874865524e+01
4.148656366910366877e+00 1.919691789945800764e+01
4.334196325385531345e+00 1.816735119035691426e+01
4.315633365406080557e+00 1.851407768119564068e+01
3.925359689150528908e+00 1.768655710698228845e+01
4.127208809545670931e+00 1.859042659697334443e+01
3.589997827430160271e+00 1.768711940495898105e+01
2.822989423694405531e+00 1.886064620258332880e+01
4.543922691395895441e+00 1.755432135948599637e+01
3.343209183776875371e+00 1.923211829229442316e+01
5.165145729595598922e+00 1.877896248787507716e+01
2.774355789198689415e+00 1.766317097348153453e+01
4.839052575107792187e+00 1.848827545701877995e+01
3.210865150460480599e+00 1.821788498573822324e+01
4.728302375986611850e+00 1.779177175284648982e+01
3.763345630698253785e+00 1.867014531450700687e+01
3.330742763306596022e+00 1.811865164463801037e+01
4.851294884734735469e+00 1.766374175902375754e+01
4.706626020865565252e+00 1.808836985909645279e+01
3.792923741138495064e+00 1.675674378484282556e+01
3.367410458979367860e+00 1.731770561161209443e+01
4.924428823443597558e+00 1.743247108212205632e+01
4.311239829334131635e+00 1.867531110437209918e+01
4.298168188294644310e+00 1.786696505871443463e+01
3.654754384988034399e+00 1.748999096410705434e+01
4.608176552027645201e+00 1.729898295489033444e+01
4.181386530263442758e+00 1.724691418214392868e+01
3.944381068967133253e+00 1.784809651772301820e+01
3.808765714999830632e+00 1.707162582063319789e+01
3.939472132669988635e+00 1.674283120241961953e+01
4.154295866753665578e+00 1.866353137852609834e+01
3.806868344182756214e+00 1.822312482112181797e+01
4.363305290302899486e+00 1.893604820593235161e+01
3.725466779394813077e+00 1.758433144790171099e+01
3.878235553076543773e+00 1.760688899999378165e+01
3.832088416330571512e+00 1.835269922067548265e+01
4.032249707615126688e+00 1.760034860920280053e+01
2.969600548792691530e+00 1.794712306988014561e+01
4.618969694677932836e+00 1.792445759782959058e+01
5.379002544946093423e+00 1.795275948145510014e+01
3.026379312139263256e+00 1.755727948425985829e+01
4.526470686164147494e+00 1.911845696573094244e+01
3.777893050028182209e+00 1.803942913248277335e+01
3.857228341604756583e+00 1.864906169056226659e+01
4.343777074645251091e+00 1.765137323269301817e+01
3.443052277992980414e+00 1.820691641074639477e+01
3.492843946217055073e+00 1.871979284607922622e+01
3.064080116679372523e+00 1.865104527410251478e+01
3.572010217072024485e+00 1.789961396639654723e+01
4.429074449764290655e+00 1.772413625841518581e+01
5.201917162620330437e+00 1.729792629364263590e+01
4.203843124019608801e+00 1.842186930968057368e+01
3.527662327498504613e+00 1.779599882756502183e+01
4.022805603999507262e+00 1.892952108681898338e+01
3.708390065572445771e+00 1.821764965986921325e+01
3.228706264050033248e+00 1.841034780026062734e+01
4.640987374885972017e+00 1.731826356549292356e+01
4.884503442889402969e+00 1.742081628459266440e+01
5.064840458165373427e+00 1.864114491027029175e+01
2.880619333955473760e+00 1.807824591646687651e+01
3.777368042356308742e+00 1.799273525639323168e+01
4.790910825278603014e+00 1.886715917738689896e+01
4.799716783953812183e+00 1.772235615119375396e+01
4.201871141044681401e+00 1.860597740084652685e+01
3.594058912296937969e+00 1.732327536362221920e+01
3.408325931395260078e+00 1.702316853772899208e+01
5.282582012257692305e+00 1.874555373294247218e+01
4.835383264951323312e+00 1.764454627663203823e+01
4.838181277830176263e+00 1.853207509094370664e+01
3.552698797072638470e+00 1.687638236807288550e+01
3.898019673023226606e+00 1.869014044443375155e+01
4.718012506259521288e+00 1.766368703040959787e+01
4.965159997364157363e+00 1.727582454976234416e+01
4.700266757408108731e+00 1.838106869153852685e+01
5.299350870215025822e+00 1.762719176305795088e+01
3.447575715883709258e+00 1.663771779350783220e+01
3.693503027953286999e+00 1.784501630394682437e+01
5.240614723891185101e+00 1.850907520553234065e+01
3.532129185099876167e+00 1.912515399799864468e+01
3.535245634545729487e+00 1.841503495787308253e+01
4.773068761845179253e+00 1.777733125527533531e+01
3.338757996826105856e+00 1.886519738967603743e+01
3.670332897284458440e+00 1.811315059852132592e+01
4.914648743189632185e+00 1.866867946949002999e+01
3.941053708658378785e+00 1.776353452831009605e+01
3.924454515599722804e+00 1.787379924921042118e+01
4.731814998371361547e+00 1.787529083799790541e+01
5.129393832805183351e+00 1.850491701720368809e+01
2.966299537678078302e+00 1.848562327292596663e+01
3.417468923520391222e+00 1.911225225376490755e+01
3.889782002260306903e+00 1.815813771466777382e+01
2.029149925075284955e+01 1.470410724338276331e+01
1.791254005672151450e+01 1.499327776387648292e+01
1.772023037680996538e+01 1.388152741841072846e+01
1.901782680239439216e+01 1.259656005809335255e+01
1.913017857774326913e+01 1.364551678553602265e+01
1.832299926625456621e+01 1.457282749386403964e+01
1.894609412472685861e+01 1.291371653141356113e+01
1.883468184356651065e+01 1.536324155179973516e+01
1.882499316102142828e+01 1.303990348022879964e+01
1.925176165768797887e+01 1.401735657840407967e+01
1.967292776007237620e+01 1.309105388261284553e+01
1.837981675434725659e+01 1.265376944447076113e+01
1.801068165916983688e+01 1.326109430472610207e+01
1.897436855814525458e+01 1.411941166227529365e+01
1.947443825780541005e+01 1.340274978663758709e+01
1.856035229880354009e+01 1.319020674229566659e+01
1.937333231404885581e+01 1.371103218578096339e+01
1.916927213266589192e+01 1.322089893824147033e+01
1.971688163418733097e+01 1.520762098463776901e+01
1.831531691654037530e+01 1.420438574205122428e+01
1.941024424135343196e+01 1.461849787793033606e+01
2.031155781890961265e+01 1.403899497501451066e+01
1.944440855144597080e+01 1.353701798770470077e+01
1.891070811451620060e+01 1.443381655860248891e+01
2.005249292136288375e+01 1.433169389629914292e+01
1.875559866034841860e+01 1.437358676629221677e+01
1.887465331433590521e+01 1.449764731190802181e+01
1.957084344320186275e+01 1.267430763033174479e+01
1.861764332154147539e+01 1.427514983173358942e+01
2.008568599912451802e+01 1.342397798909684070e+01
1.957809975827778359e+01 1.309815562456796023e+01
1.880508535429469674e+01 1.311945208390201856e+01
1.933410885351597486e+01 1.478227906147074755e+01
1.909856826139927222e+01 1.394561896508883159e+01
1.876034761274122431e+01 1.469564252806902616e+01
2.008683157271169151e+01 1.326212207591937364e+01
1.851895175775549873e+01 1.413767791296286802e+01
2.033262446208924956e+01 1.403256460843168973e+01
1.917681802329363450e+01 1.348668167556746234e+01
1.799707480624321931e+01 1.462550637893414418e+01
1.856175283352338568e+01 1.509488186073155447e+01
1.964628353199055155e+01 1.279917602402819732e+01
1.910919438172746965e+01 1.473857696702826381e+01
1.920045529051299837e+01 1.369137655690207112e+01
1.838062083644084410e+01 1.283543461113685780e+01
1.956817311038658502e+01 1.396864491650196882e+01
1.821218568337583577e+01 1.367103152837673363e+01
1.925139080175571493e+01 1.371489738138125603e+01
1.830760257249653833e+01 1.287207542178311392e+01
1.890365298743839872e+01 1.319602058373937581e+01
2.011792659297540098e+01 1.384647896373118670e+01
1.888347335162297824e+01 1.511837788756537471e+01
1.948830526363662941e+01 1.334585126003603861e+01
1.985419748314582833e+01 1.382316904530500601e+01
1.988757695900888933e+01 1.393536341211320817e+01
1.831222824542655658e+01 1.296704880450847064e+01
1.820531666607309162e+01 1.475375406666465317e+01
1.880029719657003895e+01 1.459512480085975383e+01
2.037588068406142483e+01 1.350339359571298736e+01
1.978787537957555287e+01 1.294750248849780938e+01
1.924721699678799069e+01 1.321410503814715653e+01
1.990120468119853925e+01 1.411976263081834126e+01
1.804027392165984622e+01 1.339704465903174579e+01
1.944442650549615692e+01 1.395036832005588145e+01
